// Export filename: `C:/Program Files (x86)/Activision/Call of Duty 4 - Modern Warfare/xanim_export/awesome_stance.XANIM_EXPORT`
// Source filename: `C:/Users/skreborn/Documents/maya/projects/default/scenes/animation_base.mb`
// Export time: Thu Jan 02 14:23:21 2014

ANIMATION
VERSION 3

NUMPARTS 101
PART 0 "tag_origin"
PART 1 "j_mainroot"
PART 2 "pelvis"
PART 3 "j_coatfront_le"
PART 4 "j_coatfront_ri"
PART 5 "j_coatrear_le"
PART 6 "j_coatrear_ri"
PART 7 "j_hip_le"
PART 8 "j_hiptwist_le"
PART 9 "j_knee_le"
PART 10 "j_ankle_le"
PART 11 "j_ball_le"
PART 12 "j_knee_bulge_le"
PART 13 "j_hip_ri"
PART 14 "j_hiptwist_ri"
PART 15 "j_knee_ri"
PART 16 "j_ankle_ri"
PART 17 "j_ball_ri"
PART 18 "j_knee_bulge_ri"
PART 19 "j_spinelower"
PART 20 "back_low"
PART 21 "j_spineupper"
PART 22 "back_mid"
PART 23 "j_spine4"
PART 24 "j_clavicle_le"
PART 25 "j_shoulder_le"
PART 26 "j_elbow_bulge_le"
PART 27 "j_elbow_le"
PART 28 "j_wrist_le"
PART 29 "j_index_le_1"
PART 30 "j_index_le_2"
PART 31 "j_index_le_3"
PART 32 "j_mid_le_1"
PART 33 "j_mid_le_2"
PART 34 "j_mid_le_3"
PART 35 "j_pinky_le_1"
PART 36 "j_pinky_le_2"
PART 37 "j_pinky_le_3"
PART 38 "j_ring_le_1"
PART 39 "j_ring_le_2"
PART 40 "j_ring_le_3"
PART 41 "j_thumb_le_1"
PART 42 "j_thumb_le_2"
PART 43 "j_thumb_le_3"
PART 44 "tag_weapon_left"
PART 45 "j_wristtwist_le"
PART 46 "j_shouldertwist_le"
PART 47 "tag_reflector_arm_le"
PART 48 "j_clavicle_ri"
PART 49 "j_shoulder_ri"
PART 50 "j_elbow_bulge_ri"
PART 51 "j_elbow_ri"
PART 52 "j_wrist_ri"
PART 53 "j_index_ri_1"
PART 54 "j_index_ri_2"
PART 55 "j_index_ri_3"
PART 56 "j_mid_ri_1"
PART 57 "j_mid_ri_2"
PART 58 "j_mid_ri_3"
PART 59 "j_pinky_ri_1"
PART 60 "j_pinky_ri_2"
PART 61 "j_pinky_ri_3"
PART 62 "j_ring_ri_1"
PART 63 "j_ring_ri_2"
PART 64 "j_ring_ri_3"
PART 65 "j_thumb_ri_1"
PART 66 "j_thumb_ri_2"
PART 67 "j_thumb_ri_3"
PART 68 "tag_weapon_right"
PART 69 "j_wristtwist_ri"
PART 70 "j_shouldertwist_ri"
PART 71 "tag_reflector_arm_ri"
PART 72 "j_neck"
PART 73 "neck"
PART 74 "j_head"
PART 75 "head"
PART 76 "j_brow_le"
PART 77 "j_brow_ri"
PART 78 "j_cheek_le"
PART 79 "j_cheek_ri"
PART 80 "j_eye_lid_bot_le"
PART 81 "j_eye_lid_bot_ri"
PART 82 "j_eye_lid_top_le"
PART 83 "j_eye_lid_top_ri"
PART 84 "j_eyeball_le"
PART 85 "j_eyeball_ri"
PART 86 "j_head_end"
PART 87 "j_helmet"
PART 88 "j_jaw"
PART 89 "j_levator_le"
PART 90 "j_levator_ri"
PART 91 "tag_eye"
PART 92 "j_shoulderraise_le"
PART 93 "j_shoulderraise_ri"
PART 94 "tag_bipod"
PART 95 "tag_inhand"
PART 96 "tag_stowed_back"
PART 97 "tag_weapon_chest"
PART 98 "tag_stowed_hip_rear"
PART 99 "tag_sync"
PART 100 "torso_stabilizer"

FRAMERATE 24
NUMFRAMES 21

FRAME 0
PART 0
OFFSET 0.0000 0.0000 0.0000
SCALE 1 1 1
X 1.0000 0.0000 0.0000
Y 0.0000 1.0000 0.0000
Z 0.0000 0.0000 1.0000

PART 1
OFFSET -3.4408 -0.0000 37.2279
SCALE 1 1 1
X -0.0249 0.0001 0.9997
Y 0.9997 -0.0001 0.0249
Z 0.0001 1.0000 -0.0001

PART 2
OFFSET -3.4408 -0.0000 37.2279
SCALE 1 1 1
X -0.0249 0.0001 0.9997
Y 0.9997 -0.0001 0.0249
Z 0.0001 1.0000 -0.0001

PART 3
OFFSET 1.6352 4.8001 39.5251
SCALE 1 1 1
X -0.0725 -0.0002 -0.9974
Y 0.9974 0.0026 -0.0725
Z 0.0026 -1.0000 0.0000

PART 4
OFFSET 1.6346 -4.1812 39.5256
SCALE 1 1 1
X 0.0725 0.0002 0.9974
Y -0.9974 0.0001 0.0725
Z -0.0001 -1.0000 0.0002

PART 5
OFFSET -7.1660 4.8008 40.7690
SCALE 1 1 1
X -0.0725 -0.0002 -0.9974
Y 0.9974 0.0026 -0.0725
Z 0.0026 -1.0000 0.0000

PART 6
OFFSET -7.1666 -4.1805 40.7695
SCALE 1 1 1
X 0.0725 0.0002 0.9974
Y -0.9974 0.0001 0.0725
Z -0.0001 -1.0000 0.0002

PART 7
OFFSET -3.4405 4.8666 37.2276
SCALE 1 1 1
X -0.0336 0.0001 -0.9994
Y 0.9994 -0.0046 -0.0336
Z -0.0046 -1.0000 0.0001

PART 8
OFFSET -3.5464 4.8669 34.0798
SCALE 1 1 1
X -0.0336 0.0001 -0.9994
Y 0.9994 -0.0046 -0.0336
Z -0.0046 -1.0000 0.0001

PART 9
OFFSET -4.0295 4.8679 19.7248
SCALE 1 1 1
X -0.1670 0.0007 -0.9860
Y 0.9859 -0.0046 -0.1670
Z -0.0046 -1.0000 0.0001

PART 10
OFFSET -6.5619 4.8784 4.7721
SCALE 1 1 1
X 0.0088 0.0090 -0.9999
Y 0.9998 0.0164 0.0090
Z 0.0165 -0.9998 -0.0089

PART 11
OFFSET -0.9819 5.0805 0.3277
SCALE 1 1 1
X 0.9831 0.0146 0.1825
Y -0.1823 -0.0117 0.9832
Z 0.0165 -0.9998 -0.0089

PART 12
OFFSET -2.1507 4.8592 19.7661
SCALE 1 1 1
X -0.0299 -0.0003 0.9996
Y 0.9996 0.0005 0.0299
Z -0.0005 1.0000 0.0003

PART 13
OFFSET -3.4411 -4.8667 37.2282
SCALE 1 1 1
X 0.0336 -0.0090 0.9994
Y -0.9994 -0.0002 0.0336
Z -0.0001 -1.0000 -0.0090

PART 14
OFFSET -3.5470 -4.8382 34.0805
SCALE 1 1 1
X 0.0336 -0.0090 0.9994
Y -0.9994 -0.0002 0.0336
Z -0.0001 -1.0000 -0.0090

PART 15
OFFSET -4.0301 -4.7085 19.7261
SCALE 1 1 1
X 0.1670 -0.0089 0.9859
Y -0.9860 -0.0014 0.1670
Z -0.0001 -1.0000 -0.0090

PART 16
OFFSET -6.5626 -4.5732 4.7740
SCALE 1 1 1
X -0.0088 0.0001 1.0000
Y -0.9997 0.0212 -0.0088
Z -0.0212 -0.9998 -0.0001

PART 17
OFFSET -0.9835 -4.7619 0.3278
SCALE 1 1 1
X -0.9830 0.0209 -0.1823
Y 0.1823 -0.0038 -0.9832
Z -0.0212 -0.9998 -0.0001

PART 18
OFFSET -2.1517 -4.6975 19.7639
SCALE 1 1 1
X 0.0299 0.0085 -0.9995
Y -0.9995 0.0055 -0.0299
Z 0.0053 0.9999 0.0087

PART 19
OFFSET -3.3710 0.0000 42.4314
SCALE 1 1 1
X -0.0300 0.0001 0.9996
Y 0.9996 -0.0001 0.0300
Z 0.0001 1.0000 -0.0001

PART 20
OFFSET -3.3710 0.0000 42.4314
SCALE 1 1 1
X -0.0300 0.0001 0.9996
Y 0.9996 -0.0001 0.0300
Z 0.0001 1.0000 -0.0001

PART 21
OFFSET -3.3540 0.0004 47.6512
SCALE 1 1 1
X 0.0203 0.0001 0.9998
Y 0.9998 -0.0001 -0.0203
Z 0.0001 1.0000 -0.0001

PART 22
OFFSET -3.3540 0.0004 47.6512
SCALE 1 1 1
X 0.0203 0.0001 0.9998
Y 0.9998 -0.0001 -0.0203
Z 0.0001 1.0000 -0.0001

PART 23
OFFSET -3.2909 0.0007 51.7578
SCALE 1 1 1
X 0.0470 0.0001 0.9989
Y 0.9989 -0.0001 -0.0470
Z 0.0001 1.0000 -0.0001

PART 24
OFFSET -3.2393 1.3568 56.3997
SCALE 1 1 1
X 0.0182 0.9972 0.0724
Y -0.9997 0.0168 0.0200
Z 0.0187 -0.0728 0.9972

PART 25
OFFSET -3.1228 7.7271 56.8624
SCALE 1 1 1
X 0.2590 0.6633 -0.7021
Y -0.9574 0.2726 -0.0956
Z 0.1280 0.6969 0.7056

PART 26
OFFSET -0.6189 15.8509 48.6385
SCALE 1 1 1
X 0.8452 0.2957 -0.4453
Y -0.5190 0.6533 -0.5512
Z 0.1280 0.6969 0.7056

PART 27
OFFSET -0.4453 15.7483 48.7083
SCALE 1 1 1
X 0.8452 0.2957 -0.4453
Y -0.5190 0.6533 -0.5512
Z 0.1280 0.6969 0.7056

PART 28
OFFSET 8.1619 18.6008 44.0760
SCALE 1 1 1
X 0.7813 0.2998 -0.5475
Y -0.1153 -0.7927 -0.5986
Z -0.6135 0.5308 -0.5847

PART 29
OFFSET 11.8606 18.9625 43.2789
SCALE 1 1 1
X 0.9214 0.2535 -0.2947
Y -0.0524 -0.6702 -0.7403
Z -0.3852 0.6975 -0.6042

PART 30
OFFSET 13.2891 19.3555 42.8220
SCALE 1 1 1
X 0.6035 -0.3050 -0.7368
Y -0.6982 -0.6484 -0.3035
Z -0.3852 0.6975 -0.6042

PART 31
OFFSET 13.8757 19.0591 42.1059
SCALE 1 1 1
X 0.2450 -0.5539 -0.7957
Y -0.8897 -0.4545 0.0424
Z -0.3852 0.6975 -0.6042

PART 32
OFFSET 11.3486 19.6604 42.6851
SCALE 1 1 1
X 0.7932 0.0676 -0.6052
Y -0.2846 -0.8375 -0.4665
Z -0.5384 0.5422 -0.6451

PART 33
OFFSET 12.8204 19.7858 41.5620
SCALE 1 1 1
X 0.0521 -0.7426 -0.6677
Y -0.8411 -0.3931 0.3716
Z -0.5384 0.5422 -0.6451

PART 34
OFFSET 12.8777 18.9678 40.8265
SCALE 1 1 1
X -0.2798 -0.8371 -0.4701
Y -0.7949 -0.0726 0.6024
Z -0.5384 0.5422 -0.6451

PART 35
OFFSET 9.8983 20.4271 41.4646
SCALE 1 1 1
X 0.7216 -0.0987 -0.6852
Y -0.4208 -0.8485 -0.3209
Z -0.5498 0.5199 -0.6538

PART 36
OFFSET 10.7633 20.3088 40.6431
SCALE 1 1 1
X 0.1036 -0.7342 -0.6710
Y -0.8289 -0.4366 0.3498
Z -0.5498 0.5199 -0.6538

PART 37
OFFSET 10.8348 19.8018 40.1798
SCALE 1 1 1
X -0.3387 -0.8542 -0.3945
Y -0.7636 0.0045 0.6457
Z -0.5498 0.5199 -0.6538

PART 38
OFFSET 10.6157 20.1319 42.0456
SCALE 1 1 1
X 0.7383 -0.0053 -0.6744
Y -0.3246 -0.8793 -0.3484
Z -0.5912 0.4761 -0.6510

PART 39
OFFSET 11.8577 20.1230 40.9111
SCALE 1 1 1
X 0.1124 -0.7506 -0.6511
Y -0.7986 -0.4582 0.3902
Z -0.5912 0.4761 -0.6510

PART 40
OFFSET 11.9637 19.4153 40.2971
SCALE 1 1 1
X -0.1665 -0.8618 -0.4792
Y -0.7892 -0.1749 0.5888
Z -0.5912 0.4761 -0.6510

PART 41
OFFSET 9.2848 18.4893 44.1629
SCALE 1 1 1
X 0.5949 -0.7657 -0.2445
Y 0.3596 0.5255 -0.7711
Z 0.7189 0.3708 0.5880

PART 42
OFFSET 10.7160 16.6470 43.5746
SCALE 1 1 1
X 0.6862 -0.5131 -0.5155
Y 0.1106 0.7741 -0.6233
Z 0.7189 0.3708 0.5880

PART 43
OFFSET 11.5357 16.0340 42.9588
SCALE 1 1 1
X 0.6763 -0.1776 -0.7149
Y -0.1607 0.9116 -0.3784
Z 0.7189 0.3708 0.5880

PART 44
OFFSET 10.5071 -28.5028 38.9209
SCALE 1 1 1
X 1.0000 0.0012 -0.0011
Y -0.0012 1.0000 0.0001
Z 0.0011 -0.0001 1.0000

PART 45
OFFSET 5.6420 17.7655 45.4320
SCALE 1 1 1
X 0.8452 0.2957 -0.4453
Y -0.5190 0.6533 -0.5512
Z 0.1280 0.6969 0.7056

PART 46
OFFSET -3.0029 8.0339 56.5375
SCALE 1 1 1
X 0.2590 0.6633 -0.7021
Y -0.9574 0.2726 -0.0956
Z 0.1280 0.6969 0.7056

PART 47
OFFSET -2.2037 9.8417 57.2803
SCALE 1 1 1
X 0.1546 0.4247 0.8920
Y -0.9878 0.0489 0.1479
Z 0.0192 -0.9040 0.4271

PART 48
OFFSET -3.2394 -1.3549 56.4000
SCALE 1 1 1
X -0.0193 0.9972 -0.0725
Y 0.9997 0.0180 -0.0188
Z -0.0175 -0.0728 -0.9972

PART 49
OFFSET -3.1159 -7.7250 56.8630
SCALE 1 1 1
X -0.2606 0.6631 0.7017
Y 0.9569 0.2737 0.0967
Z -0.1280 0.6967 -0.7058

PART 50
OFFSET -0.5929 -15.8466 48.6428
SCALE 1 1 1
X -0.8460 0.2947 0.4443
Y 0.5176 0.6540 0.5517
Z -0.1280 0.6967 -0.7058

PART 51
OFFSET -0.4196 -15.7439 48.7128
SCALE 1 1 1
X -0.8460 0.2947 0.4443
Y 0.5176 0.6540 0.5517
Z -0.1280 0.6967 -0.7058

PART 52
OFFSET 8.1963 -18.5867 44.0908
SCALE 1 1 1
X -0.7822 0.2989 0.5466
Y 0.1156 -0.7925 0.5988
Z 0.6122 0.5316 0.5854

PART 53
OFFSET 11.8964 -18.9442 43.2982
SCALE 1 1 1
X -0.9220 0.2524 0.2936
Y 0.0523 -0.6701 0.7404
Z 0.3837 0.6980 0.6046

PART 54
OFFSET 13.3259 -19.3356 42.8428
SCALE 1 1 1
X -0.6040 -0.3056 0.7361
Y 0.6986 -0.6476 0.3043
Z 0.3837 0.6980 0.6046

PART 55
OFFSET 13.9129 -19.0386 42.1275
SCALE 1 1 1
X -0.2453 -0.5542 0.7954
Y 0.8903 -0.4535 -0.0414
Z 0.3837 0.6980 0.6046

PART 56
OFFSET 11.3859 -19.6427 42.7037
SCALE 1 1 1
X -0.7939 0.0667 0.6043
Y 0.2850 -0.8371 0.4669
Z 0.5370 0.5429 0.6456

PART 57
OFFSET 12.8591 -19.7666 41.5821
SCALE 1 1 1
X -0.0520 -0.7426 0.6677
Y 0.8420 -0.3922 -0.3706
Z 0.5370 0.5429 0.6456

PART 58
OFFSET 12.9164 -18.9485 40.8467
SCALE 1 1 1
X 0.2803 -0.8367 0.4705
Y 0.7956 -0.0717 -0.6015
Z 0.5370 0.5429 0.6456

PART 59
OFFSET 9.9379 -20.4112 41.4816
SCALE 1 1 1
X -0.7223 -0.0995 0.6844
Y 0.4214 -0.8480 0.3215
Z 0.5484 0.5206 0.6544

PART 60
OFFSET 10.8037 -20.2920 40.6612
SCALE 1 1 1
X -0.1035 -0.7343 0.6709
Y 0.8298 -0.4357 -0.3488
Z 0.5484 0.5206 0.6544

PART 61
OFFSET 10.8751 -19.7849 40.1977
SCALE 1 1 1
X 0.3392 -0.8538 0.3950
Y 0.7643 0.0054 -0.6448
Z 0.5484 0.5206 0.6544

PART 62
OFFSET 10.6542 -20.1152 42.0635
SCALE 1 1 1
X -0.7391 -0.0061 0.6736
Y 0.3252 -0.8789 0.3489
Z 0.5899 0.4769 0.6516

PART 63
OFFSET 11.8976 -20.1049 40.9301
SCALE 1 1 1
X -0.1123 -0.7507 0.6511
Y 0.7996 -0.4573 -0.3892
Z 0.5899 0.4769 0.6516

PART 64
OFFSET 12.0035 -19.3971 40.3163
SCALE 1 1 1
X 0.1669 -0.8615 0.4794
Y 0.7900 -0.1741 -0.5878
Z 0.5899 0.4769 0.6516

PART 65
OFFSET 9.3190 -18.4739 44.1790
SCALE 1 1 1
X -0.5942 -0.7664 0.2439
Y -0.3611 0.5252 0.7706
Z -0.7187 0.3699 -0.5888

PART 66
OFFSET 10.7487 -16.6299 43.5920
SCALE 1 1 1
X -0.6862 -0.5139 0.5148
Y -0.1122 0.7740 0.6231
Z -0.7187 0.3699 -0.5888

PART 67
OFFSET 11.5684 -16.0161 42.9771
SCALE 1 1 1
X -0.6769 -0.1783 0.7142
Y 0.1592 0.9118 0.3785
Z -0.7187 0.3699 -0.5888

PART 68
OFFSET 10.4889 -28.5209 38.9369
SCALE 1 1 1
X 1.0000 -0.0006 0.0003
Y 0.0006 0.9989 -0.0476
Z -0.0003 0.0476 0.9989

PART 69
OFFSET 5.6739 -17.7544 45.4440
SCALE 1 1 1
X -0.8460 0.2947 0.4443
Y 0.5176 0.6540 0.5517
Z -0.1280 0.6967 -0.7058

PART 70
OFFSET -3.0074 -8.0011 56.5707
SCALE 1 1 1
X -0.2606 0.6631 0.7017
Y 0.9569 0.2737 0.0967
Z -0.1280 0.6967 -0.7058

PART 71
OFFSET -2.2104 -9.7872 57.3254
SCALE 1 1 1
X 0.0913 -0.4932 0.8651
Y 0.9936 -0.0127 -0.1121
Z 0.0663 0.8698 0.4889

PART 72
OFFSET -2.7283 0.0012 60.5421
SCALE 1 1 1
X 0.3097 0.0000 0.9508
Y 0.9508 -0.0001 -0.3097
Z 0.0001 1.0000 -0.0001

PART 73
OFFSET -2.7283 0.0012 60.5421
SCALE 1 1 1
X 0.3097 0.0000 0.9508
Y 0.9508 -0.0001 -0.3097
Z 0.0001 1.0000 -0.0001

PART 74
OFFSET -1.9178 0.0014 63.5211
SCALE 1 1 1
X 0.2163 0.0001 0.9763
Y 0.9763 -0.0001 -0.2163
Z 0.0001 1.0000 -0.0001

PART 75
OFFSET -1.9178 0.0014 63.5211
SCALE 1 1 1
X 0.2163 0.0001 0.9763
Y 0.9763 -0.0001 -0.2163
Z 0.0001 1.0000 -0.0001

PART 76
OFFSET 3.1443 1.3794 66.8618
SCALE 1 1 1
X -0.0001 1.0000 -0.0000
Y -1.0000 -0.0001 0.0001
Z 0.0001 0.0000 1.0000

PART 77
OFFSET 3.1441 -1.3769 66.8621
SCALE 1 1 1
X 0.0001 1.0000 -0.0001
Y 1.0000 -0.0001 0.0001
Z 0.0001 -0.0001 -1.0000

PART 78
OFFSET 2.5739 1.5008 65.1598
SCALE 1 1 1
X -0.0001 1.0000 -0.0000
Y -1.0000 -0.0001 0.0001
Z 0.0001 0.0000 1.0000

PART 79
OFFSET 2.5737 -1.4985 65.1599
SCALE 1 1 1
X 0.0001 1.0000 -0.0001
Y 1.0000 -0.0001 0.0001
Z 0.0001 -0.0001 -1.0000

PART 80
OFFSET 1.7279 1.3249 66.2241
SCALE 1 1 1
X -0.0649 0.9970 0.0421
Y -0.9979 -0.0651 0.0030
Z 0.0057 -0.0418 0.9991

PART 81
OFFSET 1.7277 -1.3223 66.2244
SCALE 1 1 1
X 0.0648 0.9970 -0.0422
Y 0.9979 -0.0649 -0.0027
Z -0.0054 -0.0419 -0.9991

PART 82
OFFSET 1.7323 1.3238 66.3071
SCALE 1 1 1
X -0.0651 0.9970 0.0410
Y -0.9979 -0.0653 0.0033
Z 0.0060 -0.0407 0.9992

PART 83
OFFSET 1.7321 -1.3211 66.3075
SCALE 1 1 1
X 0.0648 0.9971 -0.0411
Y 0.9979 -0.0649 -0.0028
Z -0.0054 -0.0409 -0.9991

PART 84
OFFSET 1.7157 1.2574 66.2412
SCALE 1 1 1
X -0.2117 0.9773 0.0012
Y -0.9773 -0.2117 0.0044
Z 0.0045 -0.0002 1.0000

PART 85
OFFSET 1.7155 -1.2548 66.2408
SCALE 1 1 1
X 0.2071 0.9783 -0.0003
Y 0.9783 -0.2071 0.0004
Z 0.0004 -0.0004 -1.0000

PART 86
OFFSET -0.8257 0.0012 69.8081
SCALE 1 1 1
X 0.2163 0.0001 0.9763
Y 0.9763 -0.0001 -0.2163
Z 0.0001 1.0000 -0.0001

PART 87
OFFSET -1.8633 0.0014 71.2433
SCALE 1 1 1
X 0.9990 -0.0000 0.0437
Y 0.0000 1.0000 -0.0000
Z -0.0437 0.0000 0.9990

PART 88
OFFSET -0.7879 0.0013 63.8123
SCALE 1 1 1
X -0.0001 1.0000 -0.0000
Y -1.0000 -0.0001 0.0001
Z 0.0001 0.0000 1.0000

PART 89
OFFSET 3.1659 0.5238 65.0321
SCALE 1 1 1
X -0.0001 1.0000 -0.0000
Y -1.0000 -0.0001 0.0001
Z 0.0001 0.0000 1.0000

PART 90
OFFSET 3.1659 -0.4428 65.0323
SCALE 1 1 1
X 0.0001 1.0000 -0.0001
Y 1.0000 -0.0001 0.0001
Z 0.0001 -0.0001 -1.0000

PART 91
OFFSET 2.1091 0.0013 66.3231
SCALE 1 1 1
X 0.9396 -0.0000 0.3421
Y 0.0000 1.0000 -0.0000
Z -0.3421 0.0000 0.9396

PART 92
OFFSET -3.1445 4.0264 58.8587
SCALE 1 1 1
X -0.0194 -0.9972 -0.0723
Y 0.9997 -0.0181 -0.0188
Z 0.0174 -0.0727 0.9972

PART 93
OFFSET -3.1450 -4.0241 58.8595
SCALE 1 1 1
X 0.0182 -0.9972 0.0725
Y -0.9997 -0.0168 0.0198
Z -0.0186 -0.0728 -0.9972

PART 94
OFFSET 16.2011 -28.5222 31.3776
SCALE 1 1 1
X 1.0000 -0.0000 0.0001
Y 0.0000 1.0000 -0.0000
Z -0.0001 0.0000 1.0000

PART 95
OFFSET 10.4890 -28.5214 38.9378
SCALE 1 1 1
X 0.0001 1.0000 -0.0001
Y 0.7643 -0.0001 -0.6448
Z -0.6448 -0.0001 -0.7643

PART 96
OFFSET -11.0631 -3.7741 50.0309
SCALE 1 1 1
X -0.1035 0.0833 -0.9911
Y -0.9804 -0.1767 0.0875
Z -0.1679 0.9807 0.1000

PART 97
OFFSET 10.4890 -28.5214 38.9378
SCALE 1 1 1
X 1.0000 -0.0000 0.0001
Y 0.0000 1.0000 -0.0000
Z -0.0001 0.0000 1.0000

PART 98
OFFSET -8.4037 -4.0194 40.8585
SCALE 1 1 1
X -0.0121 0.2144 0.9767
Y 0.4260 -0.8826 0.1991
Z 0.9047 0.4184 -0.0806

PART 99
OFFSET -0.0023 0.0000 0.0000
SCALE 1 1 1
X -1.0000 0.0000 0.0000
Y -0.0000 -1.0000 0.0000
Z 0.0000 0.0000 1.0000

PART 100
OFFSET -3.4408 -0.0000 37.2279
SCALE 1 1 1
X 1.0000 0.0000 0.0000
Y 0.0000 1.0000 0.0000
Z 0.0000 0.0000 1.0000


FRAME 1
PART 0
OFFSET 0.0000 0.0000 0.0000
SCALE 1 1 1
X 1.0000 0.0000 0.0000
Y 0.0000 1.0000 0.0000
Z 0.0000 0.0000 1.0000

PART 1
OFFSET -3.4408 -0.0000 37.2279
SCALE 1 1 1
X -0.0249 0.0001 0.9997
Y 0.9997 -0.0001 0.0249
Z 0.0001 1.0000 -0.0001

PART 2
OFFSET -3.4408 -0.0000 37.2279
SCALE 1 1 1
X -0.0249 0.0001 0.9997
Y 0.9997 -0.0001 0.0249
Z 0.0001 1.0000 -0.0001

PART 3
OFFSET 1.6352 4.8001 39.5251
SCALE 1 1 1
X -0.0725 -0.0002 -0.9974
Y 0.9974 0.0026 -0.0725
Z 0.0026 -1.0000 0.0000

PART 4
OFFSET 1.6346 -4.1812 39.5256
SCALE 1 1 1
X 0.0725 0.0002 0.9974
Y -0.9974 0.0001 0.0725
Z -0.0001 -1.0000 0.0002

PART 5
OFFSET -7.1660 4.8008 40.7690
SCALE 1 1 1
X -0.0725 -0.0002 -0.9974
Y 0.9974 0.0026 -0.0725
Z 0.0026 -1.0000 0.0000

PART 6
OFFSET -7.1666 -4.1805 40.7695
SCALE 1 1 1
X 0.0725 0.0002 0.9974
Y -0.9974 0.0001 0.0725
Z -0.0001 -1.0000 0.0002

PART 7
OFFSET -3.4405 4.8666 37.2276
SCALE 1 1 1
X -0.0336 0.0001 -0.9994
Y 0.9994 -0.0046 -0.0336
Z -0.0046 -1.0000 0.0001

PART 8
OFFSET -3.5464 4.8669 34.0798
SCALE 1 1 1
X -0.0336 0.0001 -0.9994
Y 0.9994 -0.0046 -0.0336
Z -0.0046 -1.0000 0.0001

PART 9
OFFSET -4.0295 4.8679 19.7248
SCALE 1 1 1
X -0.1670 0.0007 -0.9860
Y 0.9859 -0.0046 -0.1670
Z -0.0046 -1.0000 0.0001

PART 10
OFFSET -6.5619 4.8784 4.7721
SCALE 1 1 1
X 0.0088 0.0090 -0.9999
Y 0.9998 0.0164 0.0090
Z 0.0165 -0.9998 -0.0089

PART 11
OFFSET -0.9819 5.0805 0.3277
SCALE 1 1 1
X 0.9831 0.0146 0.1825
Y -0.1823 -0.0117 0.9832
Z 0.0165 -0.9998 -0.0089

PART 12
OFFSET -2.1507 4.8592 19.7661
SCALE 1 1 1
X -0.0299 -0.0003 0.9996
Y 0.9996 0.0005 0.0299
Z -0.0005 1.0000 0.0003

PART 13
OFFSET -3.4411 -4.8667 37.2282
SCALE 1 1 1
X 0.0336 -0.0090 0.9994
Y -0.9994 -0.0002 0.0336
Z -0.0001 -1.0000 -0.0090

PART 14
OFFSET -3.5470 -4.8382 34.0805
SCALE 1 1 1
X 0.0336 -0.0090 0.9994
Y -0.9994 -0.0002 0.0336
Z -0.0001 -1.0000 -0.0090

PART 15
OFFSET -4.0301 -4.7085 19.7261
SCALE 1 1 1
X 0.1670 -0.0089 0.9859
Y -0.9860 -0.0014 0.1670
Z -0.0001 -1.0000 -0.0090

PART 16
OFFSET -6.5626 -4.5732 4.7740
SCALE 1 1 1
X -0.0088 0.0001 1.0000
Y -0.9997 0.0212 -0.0088
Z -0.0212 -0.9998 -0.0001

PART 17
OFFSET -0.9835 -4.7619 0.3278
SCALE 1 1 1
X -0.9830 0.0209 -0.1823
Y 0.1823 -0.0038 -0.9832
Z -0.0212 -0.9998 -0.0001

PART 18
OFFSET -2.1517 -4.6975 19.7639
SCALE 1 1 1
X 0.0299 0.0085 -0.9995
Y -0.9995 0.0055 -0.0299
Z 0.0053 0.9999 0.0087

PART 19
OFFSET -3.3710 0.0000 42.4314
SCALE 1 1 1
X -0.0300 0.0001 0.9996
Y 0.9996 -0.0001 0.0300
Z 0.0001 1.0000 -0.0001

PART 20
OFFSET -3.3710 0.0000 42.4314
SCALE 1 1 1
X -0.0300 0.0001 0.9996
Y 0.9996 -0.0001 0.0300
Z 0.0001 1.0000 -0.0001

PART 21
OFFSET -3.3540 0.0004 47.6512
SCALE 1 1 1
X 0.0203 0.0001 0.9998
Y 0.9998 -0.0001 -0.0203
Z 0.0001 1.0000 -0.0001

PART 22
OFFSET -3.3540 0.0004 47.6512
SCALE 1 1 1
X 0.0203 0.0001 0.9998
Y 0.9998 -0.0001 -0.0203
Z 0.0001 1.0000 -0.0001

PART 23
OFFSET -3.2909 0.0007 51.7578
SCALE 1 1 1
X 0.0470 0.0001 0.9989
Y 0.9989 -0.0001 -0.0470
Z 0.0001 1.0000 -0.0001

PART 24
OFFSET -3.2393 1.3568 56.3997
SCALE 1 1 1
X 0.0182 0.9972 0.0724
Y -0.9997 0.0168 0.0200
Z 0.0187 -0.0728 0.9972

PART 25
OFFSET -3.1228 7.7271 56.8624
SCALE 1 1 1
X 0.2590 0.6633 -0.7021
Y -0.9574 0.2726 -0.0956
Z 0.1280 0.6969 0.7056

PART 26
OFFSET -0.6189 15.8509 48.6385
SCALE 1 1 1
X 0.8452 0.2957 -0.4453
Y -0.5190 0.6533 -0.5512
Z 0.1280 0.6969 0.7056

PART 27
OFFSET -0.4453 15.7483 48.7083
SCALE 1 1 1
X 0.8452 0.2957 -0.4453
Y -0.5190 0.6533 -0.5512
Z 0.1280 0.6969 0.7056

PART 28
OFFSET 8.1619 18.6008 44.0760
SCALE 1 1 1
X 0.7813 0.2998 -0.5475
Y -0.1153 -0.7927 -0.5986
Z -0.6135 0.5308 -0.5847

PART 29
OFFSET 11.8606 18.9625 43.2789
SCALE 1 1 1
X 0.9214 0.2535 -0.2947
Y -0.0524 -0.6702 -0.7403
Z -0.3852 0.6975 -0.6042

PART 30
OFFSET 13.2891 19.3555 42.8220
SCALE 1 1 1
X 0.6035 -0.3050 -0.7368
Y -0.6982 -0.6484 -0.3035
Z -0.3852 0.6975 -0.6042

PART 31
OFFSET 13.8757 19.0591 42.1059
SCALE 1 1 1
X 0.2450 -0.5539 -0.7957
Y -0.8897 -0.4545 0.0424
Z -0.3852 0.6975 -0.6042

PART 32
OFFSET 11.3486 19.6604 42.6851
SCALE 1 1 1
X 0.7932 0.0676 -0.6052
Y -0.2846 -0.8375 -0.4665
Z -0.5384 0.5422 -0.6451

PART 33
OFFSET 12.8204 19.7858 41.5620
SCALE 1 1 1
X 0.0521 -0.7426 -0.6677
Y -0.8411 -0.3931 0.3716
Z -0.5384 0.5422 -0.6451

PART 34
OFFSET 12.8777 18.9678 40.8265
SCALE 1 1 1
X -0.2798 -0.8371 -0.4701
Y -0.7949 -0.0726 0.6024
Z -0.5384 0.5422 -0.6451

PART 35
OFFSET 9.8983 20.4271 41.4646
SCALE 1 1 1
X 0.7216 -0.0987 -0.6852
Y -0.4208 -0.8485 -0.3209
Z -0.5498 0.5199 -0.6538

PART 36
OFFSET 10.7633 20.3088 40.6431
SCALE 1 1 1
X 0.1036 -0.7342 -0.6710
Y -0.8289 -0.4366 0.3498
Z -0.5498 0.5199 -0.6538

PART 37
OFFSET 10.8348 19.8018 40.1798
SCALE 1 1 1
X -0.3387 -0.8542 -0.3945
Y -0.7636 0.0045 0.6457
Z -0.5498 0.5199 -0.6538

PART 38
OFFSET 10.6157 20.1319 42.0456
SCALE 1 1 1
X 0.7383 -0.0053 -0.6744
Y -0.3246 -0.8793 -0.3484
Z -0.5912 0.4761 -0.6510

PART 39
OFFSET 11.8577 20.1230 40.9111
SCALE 1 1 1
X 0.1124 -0.7506 -0.6511
Y -0.7986 -0.4582 0.3902
Z -0.5912 0.4761 -0.6510

PART 40
OFFSET 11.9637 19.4153 40.2971
SCALE 1 1 1
X -0.1665 -0.8618 -0.4792
Y -0.7892 -0.1749 0.5888
Z -0.5912 0.4761 -0.6510

PART 41
OFFSET 9.2848 18.4893 44.1629
SCALE 1 1 1
X 0.5949 -0.7657 -0.2445
Y 0.3596 0.5255 -0.7711
Z 0.7189 0.3708 0.5880

PART 42
OFFSET 10.7160 16.6470 43.5746
SCALE 1 1 1
X 0.6862 -0.5131 -0.5155
Y 0.1106 0.7741 -0.6233
Z 0.7189 0.3708 0.5880

PART 43
OFFSET 11.5357 16.0340 42.9588
SCALE 1 1 1
X 0.6763 -0.1776 -0.7149
Y -0.1607 0.9116 -0.3784
Z 0.7189 0.3708 0.5880

PART 44
OFFSET 10.5071 -28.5028 38.9209
SCALE 1 1 1
X 1.0000 0.0012 -0.0011
Y -0.0012 1.0000 0.0001
Z 0.0011 -0.0001 1.0000

PART 45
OFFSET 5.6420 17.7655 45.4320
SCALE 1 1 1
X 0.8452 0.2957 -0.4453
Y -0.5190 0.6533 -0.5512
Z 0.1280 0.6969 0.7056

PART 46
OFFSET -3.0029 8.0339 56.5375
SCALE 1 1 1
X 0.2590 0.6633 -0.7021
Y -0.9574 0.2726 -0.0956
Z 0.1280 0.6969 0.7056

PART 47
OFFSET -2.2037 9.8417 57.2803
SCALE 1 1 1
X 0.1546 0.4247 0.8920
Y -0.9878 0.0489 0.1479
Z 0.0192 -0.9040 0.4271

PART 48
OFFSET -3.2394 -1.3549 56.4000
SCALE 1 1 1
X -0.0193 0.9972 -0.0725
Y 0.9997 0.0180 -0.0188
Z -0.0175 -0.0728 -0.9972

PART 49
OFFSET -3.1159 -7.7250 56.8630
SCALE 1 1 1
X -0.2606 0.6631 0.7017
Y 0.9569 0.2737 0.0967
Z -0.1280 0.6967 -0.7058

PART 50
OFFSET -0.5929 -15.8466 48.6428
SCALE 1 1 1
X -0.8460 0.2947 0.4443
Y 0.5176 0.6540 0.5517
Z -0.1280 0.6967 -0.7058

PART 51
OFFSET -0.4196 -15.7439 48.7128
SCALE 1 1 1
X -0.8460 0.2947 0.4443
Y 0.5176 0.6540 0.5517
Z -0.1280 0.6967 -0.7058

PART 52
OFFSET 8.1963 -18.5867 44.0908
SCALE 1 1 1
X -0.7822 0.2989 0.5466
Y 0.1156 -0.7925 0.5988
Z 0.6122 0.5316 0.5854

PART 53
OFFSET 11.8964 -18.9442 43.2982
SCALE 1 1 1
X -0.9220 0.2524 0.2936
Y 0.0523 -0.6701 0.7404
Z 0.3837 0.6980 0.6046

PART 54
OFFSET 13.3259 -19.3356 42.8428
SCALE 1 1 1
X -0.6040 -0.3056 0.7361
Y 0.6986 -0.6476 0.3043
Z 0.3837 0.6980 0.6046

PART 55
OFFSET 13.9129 -19.0386 42.1275
SCALE 1 1 1
X -0.2453 -0.5542 0.7954
Y 0.8903 -0.4535 -0.0414
Z 0.3837 0.6980 0.6046

PART 56
OFFSET 11.3859 -19.6427 42.7037
SCALE 1 1 1
X -0.7939 0.0667 0.6043
Y 0.2850 -0.8371 0.4669
Z 0.5370 0.5429 0.6456

PART 57
OFFSET 12.8591 -19.7666 41.5821
SCALE 1 1 1
X -0.0520 -0.7426 0.6677
Y 0.8420 -0.3922 -0.3706
Z 0.5370 0.5429 0.6456

PART 58
OFFSET 12.9164 -18.9485 40.8467
SCALE 1 1 1
X 0.2803 -0.8367 0.4705
Y 0.7956 -0.0717 -0.6015
Z 0.5370 0.5429 0.6456

PART 59
OFFSET 9.9379 -20.4112 41.4816
SCALE 1 1 1
X -0.7223 -0.0995 0.6844
Y 0.4214 -0.8480 0.3215
Z 0.5484 0.5206 0.6544

PART 60
OFFSET 10.8037 -20.2920 40.6612
SCALE 1 1 1
X -0.1035 -0.7343 0.6709
Y 0.8298 -0.4357 -0.3488
Z 0.5484 0.5206 0.6544

PART 61
OFFSET 10.8751 -19.7849 40.1977
SCALE 1 1 1
X 0.3392 -0.8538 0.3950
Y 0.7643 0.0054 -0.6448
Z 0.5484 0.5206 0.6544

PART 62
OFFSET 10.6542 -20.1152 42.0635
SCALE 1 1 1
X -0.7391 -0.0061 0.6736
Y 0.3252 -0.8789 0.3489
Z 0.5899 0.4769 0.6516

PART 63
OFFSET 11.8976 -20.1049 40.9301
SCALE 1 1 1
X -0.1123 -0.7507 0.6511
Y 0.7996 -0.4573 -0.3892
Z 0.5899 0.4769 0.6516

PART 64
OFFSET 12.0035 -19.3971 40.3163
SCALE 1 1 1
X 0.1669 -0.8615 0.4794
Y 0.7900 -0.1741 -0.5878
Z 0.5899 0.4769 0.6516

PART 65
OFFSET 9.3190 -18.4739 44.1790
SCALE 1 1 1
X -0.5942 -0.7664 0.2439
Y -0.3611 0.5252 0.7706
Z -0.7187 0.3699 -0.5888

PART 66
OFFSET 10.7487 -16.6299 43.5920
SCALE 1 1 1
X -0.6862 -0.5139 0.5148
Y -0.1122 0.7740 0.6231
Z -0.7187 0.3699 -0.5888

PART 67
OFFSET 11.5684 -16.0161 42.9771
SCALE 1 1 1
X -0.6769 -0.1783 0.7142
Y 0.1592 0.9118 0.3785
Z -0.7187 0.3699 -0.5888

PART 68
OFFSET 10.4889 -28.5209 38.9369
SCALE 1 1 1
X 1.0000 -0.0006 0.0003
Y 0.0006 0.9989 -0.0476
Z -0.0003 0.0476 0.9989

PART 69
OFFSET 5.6739 -17.7544 45.4440
SCALE 1 1 1
X -0.8460 0.2947 0.4443
Y 0.5176 0.6540 0.5517
Z -0.1280 0.6967 -0.7058

PART 70
OFFSET -3.0074 -8.0011 56.5707
SCALE 1 1 1
X -0.2606 0.6631 0.7017
Y 0.9569 0.2737 0.0967
Z -0.1280 0.6967 -0.7058

PART 71
OFFSET -2.2104 -9.7872 57.3254
SCALE 1 1 1
X 0.0913 -0.4932 0.8651
Y 0.9936 -0.0127 -0.1121
Z 0.0663 0.8698 0.4889

PART 72
OFFSET -2.7283 0.0012 60.5421
SCALE 1 1 1
X 0.3097 0.0000 0.9508
Y 0.9508 -0.0001 -0.3097
Z 0.0001 1.0000 -0.0001

PART 73
OFFSET -2.7283 0.0012 60.5421
SCALE 1 1 1
X 0.3097 0.0000 0.9508
Y 0.9508 -0.0001 -0.3097
Z 0.0001 1.0000 -0.0001

PART 74
OFFSET -1.9178 0.0014 63.5211
SCALE 1 1 1
X 0.2163 0.0001 0.9763
Y 0.9763 -0.0001 -0.2163
Z 0.0001 1.0000 -0.0001

PART 75
OFFSET -1.9178 0.0014 63.5211
SCALE 1 1 1
X 0.2163 0.0001 0.9763
Y 0.9763 -0.0001 -0.2163
Z 0.0001 1.0000 -0.0001

PART 76
OFFSET 3.1443 1.3794 66.8618
SCALE 1 1 1
X -0.0001 1.0000 -0.0000
Y -1.0000 -0.0001 0.0001
Z 0.0001 0.0000 1.0000

PART 77
OFFSET 3.1441 -1.3769 66.8621
SCALE 1 1 1
X 0.0001 1.0000 -0.0001
Y 1.0000 -0.0001 0.0001
Z 0.0001 -0.0001 -1.0000

PART 78
OFFSET 2.5739 1.5008 65.1598
SCALE 1 1 1
X -0.0001 1.0000 -0.0000
Y -1.0000 -0.0001 0.0001
Z 0.0001 0.0000 1.0000

PART 79
OFFSET 2.5737 -1.4985 65.1599
SCALE 1 1 1
X 0.0001 1.0000 -0.0001
Y 1.0000 -0.0001 0.0001
Z 0.0001 -0.0001 -1.0000

PART 80
OFFSET 1.7279 1.3249 66.2241
SCALE 1 1 1
X -0.0649 0.9970 0.0421
Y -0.9979 -0.0651 0.0030
Z 0.0057 -0.0418 0.9991

PART 81
OFFSET 1.7277 -1.3223 66.2244
SCALE 1 1 1
X 0.0648 0.9970 -0.0422
Y 0.9979 -0.0649 -0.0027
Z -0.0054 -0.0419 -0.9991

PART 82
OFFSET 1.7323 1.3238 66.3071
SCALE 1 1 1
X -0.0651 0.9970 0.0410
Y -0.9979 -0.0653 0.0033
Z 0.0060 -0.0407 0.9992

PART 83
OFFSET 1.7321 -1.3211 66.3075
SCALE 1 1 1
X 0.0648 0.9971 -0.0411
Y 0.9979 -0.0649 -0.0028
Z -0.0054 -0.0409 -0.9991

PART 84
OFFSET 1.7157 1.2574 66.2412
SCALE 1 1 1
X -0.2117 0.9773 0.0012
Y -0.9773 -0.2117 0.0044
Z 0.0045 -0.0002 1.0000

PART 85
OFFSET 1.7155 -1.2548 66.2408
SCALE 1 1 1
X 0.2071 0.9783 -0.0003
Y 0.9783 -0.2071 0.0004
Z 0.0004 -0.0004 -1.0000

PART 86
OFFSET -0.8257 0.0012 69.8081
SCALE 1 1 1
X 0.2163 0.0001 0.9763
Y 0.9763 -0.0001 -0.2163
Z 0.0001 1.0000 -0.0001

PART 87
OFFSET -1.8633 0.0014 71.2433
SCALE 1 1 1
X 0.9990 -0.0000 0.0437
Y 0.0000 1.0000 -0.0000
Z -0.0437 0.0000 0.9990

PART 88
OFFSET -0.7879 0.0013 63.8123
SCALE 1 1 1
X -0.0001 1.0000 -0.0000
Y -1.0000 -0.0001 0.0001
Z 0.0001 0.0000 1.0000

PART 89
OFFSET 3.1659 0.5238 65.0321
SCALE 1 1 1
X -0.0001 1.0000 -0.0000
Y -1.0000 -0.0001 0.0001
Z 0.0001 0.0000 1.0000

PART 90
OFFSET 3.1659 -0.4428 65.0323
SCALE 1 1 1
X 0.0001 1.0000 -0.0001
Y 1.0000 -0.0001 0.0001
Z 0.0001 -0.0001 -1.0000

PART 91
OFFSET 2.1091 0.0013 66.3231
SCALE 1 1 1
X 0.9396 -0.0000 0.3421
Y 0.0000 1.0000 -0.0000
Z -0.3421 0.0000 0.9396

PART 92
OFFSET -3.1445 4.0264 58.8587
SCALE 1 1 1
X -0.0194 -0.9972 -0.0723
Y 0.9997 -0.0181 -0.0188
Z 0.0174 -0.0727 0.9972

PART 93
OFFSET -3.1450 -4.0241 58.8595
SCALE 1 1 1
X 0.0182 -0.9972 0.0725
Y -0.9997 -0.0168 0.0198
Z -0.0186 -0.0728 -0.9972

PART 94
OFFSET 16.2011 -28.5222 31.3776
SCALE 1 1 1
X 1.0000 -0.0000 0.0001
Y 0.0000 1.0000 -0.0000
Z -0.0001 0.0000 1.0000

PART 95
OFFSET 10.4890 -28.5214 38.9378
SCALE 1 1 1
X 0.0001 1.0000 -0.0001
Y 0.7643 -0.0001 -0.6448
Z -0.6448 -0.0001 -0.7643

PART 96
OFFSET -11.0631 -3.7741 50.0309
SCALE 1 1 1
X -0.1035 0.0833 -0.9911
Y -0.9804 -0.1767 0.0875
Z -0.1679 0.9807 0.1000

PART 97
OFFSET 10.4890 -28.5214 38.9378
SCALE 1 1 1
X 1.0000 -0.0000 0.0001
Y 0.0000 1.0000 -0.0000
Z -0.0001 0.0000 1.0000

PART 98
OFFSET -8.4037 -4.0194 40.8585
SCALE 1 1 1
X -0.0121 0.2144 0.9767
Y 0.4260 -0.8826 0.1991
Z 0.9047 0.4184 -0.0806

PART 99
OFFSET -0.0023 0.0000 0.0000
SCALE 1 1 1
X -1.0000 0.0000 0.0000
Y -0.0000 -1.0000 0.0000
Z 0.0000 0.0000 1.0000

PART 100
OFFSET -3.4408 -0.0000 37.2279
SCALE 1 1 1
X 1.0000 0.0000 0.0000
Y 0.0000 1.0000 0.0000
Z 0.0000 0.0000 1.0000


FRAME 2
PART 0
OFFSET 0.0000 0.0000 0.0000
SCALE 1 1 1
X 1.0000 0.0000 0.0000
Y 0.0000 1.0000 0.0000
Z 0.0000 0.0000 1.0000

PART 1
OFFSET -3.4408 -0.0000 37.2279
SCALE 1 1 1
X -0.0249 0.0001 0.9997
Y 0.9997 -0.0001 0.0249
Z 0.0001 1.0000 -0.0001

PART 2
OFFSET -3.4408 -0.0000 37.2279
SCALE 1 1 1
X -0.0249 0.0001 0.9997
Y 0.9997 -0.0001 0.0249
Z 0.0001 1.0000 -0.0001

PART 3
OFFSET 1.6352 4.8001 39.5251
SCALE 1 1 1
X -0.0725 -0.0002 -0.9974
Y 0.9974 0.0026 -0.0725
Z 0.0026 -1.0000 0.0000

PART 4
OFFSET 1.6346 -4.1812 39.5256
SCALE 1 1 1
X 0.0725 0.0002 0.9974
Y -0.9974 0.0001 0.0725
Z -0.0001 -1.0000 0.0002

PART 5
OFFSET -7.1660 4.8008 40.7690
SCALE 1 1 1
X -0.0725 -0.0002 -0.9974
Y 0.9974 0.0026 -0.0725
Z 0.0026 -1.0000 0.0000

PART 6
OFFSET -7.1666 -4.1805 40.7695
SCALE 1 1 1
X 0.0725 0.0002 0.9974
Y -0.9974 0.0001 0.0725
Z -0.0001 -1.0000 0.0002

PART 7
OFFSET -3.4405 4.8666 37.2276
SCALE 1 1 1
X -0.0336 0.0001 -0.9994
Y 0.9994 -0.0046 -0.0336
Z -0.0046 -1.0000 0.0001

PART 8
OFFSET -3.5464 4.8669 34.0798
SCALE 1 1 1
X -0.0336 0.0001 -0.9994
Y 0.9994 -0.0046 -0.0336
Z -0.0046 -1.0000 0.0001

PART 9
OFFSET -4.0295 4.8679 19.7248
SCALE 1 1 1
X -0.1670 0.0007 -0.9860
Y 0.9859 -0.0046 -0.1670
Z -0.0046 -1.0000 0.0001

PART 10
OFFSET -6.5619 4.8784 4.7721
SCALE 1 1 1
X 0.0088 0.0090 -0.9999
Y 0.9998 0.0164 0.0090
Z 0.0165 -0.9998 -0.0089

PART 11
OFFSET -0.9819 5.0805 0.3277
SCALE 1 1 1
X 0.9831 0.0146 0.1825
Y -0.1823 -0.0117 0.9832
Z 0.0165 -0.9998 -0.0089

PART 12
OFFSET -2.1507 4.8592 19.7661
SCALE 1 1 1
X -0.0299 -0.0003 0.9996
Y 0.9996 0.0005 0.0299
Z -0.0005 1.0000 0.0003

PART 13
OFFSET -3.4411 -4.8667 37.2282
SCALE 1 1 1
X 0.0336 -0.0090 0.9994
Y -0.9994 -0.0002 0.0336
Z -0.0001 -1.0000 -0.0090

PART 14
OFFSET -3.5470 -4.8382 34.0805
SCALE 1 1 1
X 0.0336 -0.0090 0.9994
Y -0.9994 -0.0002 0.0336
Z -0.0001 -1.0000 -0.0090

PART 15
OFFSET -4.0301 -4.7085 19.7261
SCALE 1 1 1
X 0.1670 -0.0089 0.9859
Y -0.9860 -0.0014 0.1670
Z -0.0001 -1.0000 -0.0090

PART 16
OFFSET -6.5626 -4.5732 4.7740
SCALE 1 1 1
X -0.0088 0.0001 1.0000
Y -0.9997 0.0212 -0.0088
Z -0.0212 -0.9998 -0.0001

PART 17
OFFSET -0.9835 -4.7619 0.3278
SCALE 1 1 1
X -0.9830 0.0209 -0.1823
Y 0.1823 -0.0038 -0.9832
Z -0.0212 -0.9998 -0.0001

PART 18
OFFSET -2.1517 -4.6975 19.7639
SCALE 1 1 1
X 0.0299 0.0085 -0.9995
Y -0.9995 0.0055 -0.0299
Z 0.0053 0.9999 0.0087

PART 19
OFFSET -3.3710 0.0000 42.4314
SCALE 1 1 1
X -0.0300 0.0001 0.9996
Y 0.9996 -0.0001 0.0300
Z 0.0001 1.0000 -0.0001

PART 20
OFFSET -3.3710 0.0000 42.4314
SCALE 1 1 1
X -0.0300 0.0001 0.9996
Y 0.9996 -0.0001 0.0300
Z 0.0001 1.0000 -0.0001

PART 21
OFFSET -3.3540 0.0004 47.6512
SCALE 1 1 1
X 0.0203 0.0001 0.9998
Y 0.9998 -0.0001 -0.0203
Z 0.0001 1.0000 -0.0001

PART 22
OFFSET -3.3540 0.0004 47.6512
SCALE 1 1 1
X 0.0203 0.0001 0.9998
Y 0.9998 -0.0001 -0.0203
Z 0.0001 1.0000 -0.0001

PART 23
OFFSET -3.2909 0.0007 51.7578
SCALE 1 1 1
X 0.0470 0.0001 0.9989
Y 0.9989 -0.0001 -0.0470
Z 0.0001 1.0000 -0.0001

PART 24
OFFSET -3.2393 1.3568 56.3997
SCALE 1 1 1
X 0.0182 0.9972 0.0724
Y -0.9997 0.0168 0.0200
Z 0.0187 -0.0728 0.9972

PART 25
OFFSET -3.1228 7.7271 56.8624
SCALE 1 1 1
X 0.2590 0.6633 -0.7021
Y -0.9574 0.2726 -0.0956
Z 0.1280 0.6969 0.7056

PART 26
OFFSET -0.6189 15.8509 48.6385
SCALE 1 1 1
X 0.8452 0.2957 -0.4453
Y -0.5190 0.6533 -0.5512
Z 0.1280 0.6969 0.7056

PART 27
OFFSET -0.4453 15.7483 48.7083
SCALE 1 1 1
X 0.8452 0.2957 -0.4453
Y -0.5190 0.6533 -0.5512
Z 0.1280 0.6969 0.7056

PART 28
OFFSET 8.1619 18.6008 44.0760
SCALE 1 1 1
X 0.7813 0.2998 -0.5475
Y -0.1153 -0.7927 -0.5986
Z -0.6135 0.5308 -0.5847

PART 29
OFFSET 11.8606 18.9625 43.2789
SCALE 1 1 1
X 0.9214 0.2535 -0.2947
Y -0.0524 -0.6702 -0.7403
Z -0.3852 0.6975 -0.6042

PART 30
OFFSET 13.2891 19.3555 42.8220
SCALE 1 1 1
X 0.6035 -0.3050 -0.7368
Y -0.6982 -0.6484 -0.3035
Z -0.3852 0.6975 -0.6042

PART 31
OFFSET 13.8757 19.0591 42.1059
SCALE 1 1 1
X 0.2450 -0.5539 -0.7957
Y -0.8897 -0.4545 0.0424
Z -0.3852 0.6975 -0.6042

PART 32
OFFSET 11.3486 19.6604 42.6851
SCALE 1 1 1
X 0.7932 0.0676 -0.6052
Y -0.2846 -0.8375 -0.4665
Z -0.5384 0.5422 -0.6451

PART 33
OFFSET 12.8204 19.7858 41.5620
SCALE 1 1 1
X 0.0521 -0.7426 -0.6677
Y -0.8411 -0.3931 0.3716
Z -0.5384 0.5422 -0.6451

PART 34
OFFSET 12.8777 18.9678 40.8265
SCALE 1 1 1
X -0.2798 -0.8371 -0.4701
Y -0.7949 -0.0726 0.6024
Z -0.5384 0.5422 -0.6451

PART 35
OFFSET 9.8983 20.4271 41.4646
SCALE 1 1 1
X 0.7216 -0.0987 -0.6852
Y -0.4208 -0.8485 -0.3209
Z -0.5498 0.5199 -0.6538

PART 36
OFFSET 10.7633 20.3088 40.6431
SCALE 1 1 1
X 0.1036 -0.7342 -0.6710
Y -0.8289 -0.4366 0.3498
Z -0.5498 0.5199 -0.6538

PART 37
OFFSET 10.8348 19.8018 40.1798
SCALE 1 1 1
X -0.3387 -0.8542 -0.3945
Y -0.7636 0.0045 0.6457
Z -0.5498 0.5199 -0.6538

PART 38
OFFSET 10.6157 20.1319 42.0456
SCALE 1 1 1
X 0.7383 -0.0053 -0.6744
Y -0.3246 -0.8793 -0.3484
Z -0.5912 0.4761 -0.6510

PART 39
OFFSET 11.8577 20.1230 40.9111
SCALE 1 1 1
X 0.1124 -0.7506 -0.6511
Y -0.7986 -0.4582 0.3902
Z -0.5912 0.4761 -0.6510

PART 40
OFFSET 11.9637 19.4153 40.2971
SCALE 1 1 1
X -0.1665 -0.8618 -0.4792
Y -0.7892 -0.1749 0.5888
Z -0.5912 0.4761 -0.6510

PART 41
OFFSET 9.2848 18.4893 44.1629
SCALE 1 1 1
X 0.5949 -0.7657 -0.2445
Y 0.3596 0.5255 -0.7711
Z 0.7189 0.3708 0.5880

PART 42
OFFSET 10.7160 16.6470 43.5746
SCALE 1 1 1
X 0.6862 -0.5131 -0.5155
Y 0.1106 0.7741 -0.6233
Z 0.7189 0.3708 0.5880

PART 43
OFFSET 11.5357 16.0340 42.9588
SCALE 1 1 1
X 0.6763 -0.1776 -0.7149
Y -0.1607 0.9116 -0.3784
Z 0.7189 0.3708 0.5880

PART 44
OFFSET 10.5071 -28.5028 38.9209
SCALE 1 1 1
X 1.0000 0.0012 -0.0011
Y -0.0012 1.0000 0.0001
Z 0.0011 -0.0001 1.0000

PART 45
OFFSET 5.6420 17.7655 45.4320
SCALE 1 1 1
X 0.8452 0.2957 -0.4453
Y -0.5190 0.6533 -0.5512
Z 0.1280 0.6969 0.7056

PART 46
OFFSET -3.0029 8.0339 56.5375
SCALE 1 1 1
X 0.2590 0.6633 -0.7021
Y -0.9574 0.2726 -0.0956
Z 0.1280 0.6969 0.7056

PART 47
OFFSET -2.2037 9.8417 57.2803
SCALE 1 1 1
X 0.1546 0.4247 0.8920
Y -0.9878 0.0489 0.1479
Z 0.0192 -0.9040 0.4271

PART 48
OFFSET -3.2394 -1.3549 56.4000
SCALE 1 1 1
X -0.0193 0.9972 -0.0725
Y 0.9997 0.0180 -0.0188
Z -0.0175 -0.0728 -0.9972

PART 49
OFFSET -3.1159 -7.7250 56.8630
SCALE 1 1 1
X -0.2606 0.6631 0.7017
Y 0.9569 0.2737 0.0967
Z -0.1280 0.6967 -0.7058

PART 50
OFFSET -0.5929 -15.8466 48.6428
SCALE 1 1 1
X -0.8460 0.2947 0.4443
Y 0.5176 0.6540 0.5517
Z -0.1280 0.6967 -0.7058

PART 51
OFFSET -0.4196 -15.7439 48.7128
SCALE 1 1 1
X -0.8460 0.2947 0.4443
Y 0.5176 0.6540 0.5517
Z -0.1280 0.6967 -0.7058

PART 52
OFFSET 8.1963 -18.5867 44.0908
SCALE 1 1 1
X -0.7822 0.2989 0.5466
Y 0.1156 -0.7925 0.5988
Z 0.6122 0.5316 0.5854

PART 53
OFFSET 11.8964 -18.9442 43.2982
SCALE 1 1 1
X -0.9220 0.2524 0.2936
Y 0.0523 -0.6701 0.7404
Z 0.3837 0.6980 0.6046

PART 54
OFFSET 13.3259 -19.3356 42.8428
SCALE 1 1 1
X -0.6040 -0.3056 0.7361
Y 0.6986 -0.6476 0.3043
Z 0.3837 0.6980 0.6046

PART 55
OFFSET 13.9129 -19.0386 42.1275
SCALE 1 1 1
X -0.2453 -0.5542 0.7954
Y 0.8903 -0.4535 -0.0414
Z 0.3837 0.6980 0.6046

PART 56
OFFSET 11.3859 -19.6427 42.7037
SCALE 1 1 1
X -0.7939 0.0667 0.6043
Y 0.2850 -0.8371 0.4669
Z 0.5370 0.5429 0.6456

PART 57
OFFSET 12.8591 -19.7666 41.5821
SCALE 1 1 1
X -0.0520 -0.7426 0.6677
Y 0.8420 -0.3922 -0.3706
Z 0.5370 0.5429 0.6456

PART 58
OFFSET 12.9164 -18.9485 40.8467
SCALE 1 1 1
X 0.2803 -0.8367 0.4705
Y 0.7956 -0.0717 -0.6015
Z 0.5370 0.5429 0.6456

PART 59
OFFSET 9.9379 -20.4112 41.4816
SCALE 1 1 1
X -0.7223 -0.0995 0.6844
Y 0.4214 -0.8480 0.3215
Z 0.5484 0.5206 0.6544

PART 60
OFFSET 10.8037 -20.2920 40.6612
SCALE 1 1 1
X -0.1035 -0.7343 0.6709
Y 0.8298 -0.4357 -0.3488
Z 0.5484 0.5206 0.6544

PART 61
OFFSET 10.8751 -19.7849 40.1977
SCALE 1 1 1
X 0.3392 -0.8538 0.3950
Y 0.7643 0.0054 -0.6448
Z 0.5484 0.5206 0.6544

PART 62
OFFSET 10.6542 -20.1152 42.0635
SCALE 1 1 1
X -0.7391 -0.0061 0.6736
Y 0.3252 -0.8789 0.3489
Z 0.5899 0.4769 0.6516

PART 63
OFFSET 11.8976 -20.1049 40.9301
SCALE 1 1 1
X -0.1123 -0.7507 0.6511
Y 0.7996 -0.4573 -0.3892
Z 0.5899 0.4769 0.6516

PART 64
OFFSET 12.0035 -19.3971 40.3163
SCALE 1 1 1
X 0.1669 -0.8615 0.4794
Y 0.7900 -0.1741 -0.5878
Z 0.5899 0.4769 0.6516

PART 65
OFFSET 9.3190 -18.4739 44.1790
SCALE 1 1 1
X -0.5942 -0.7664 0.2439
Y -0.3611 0.5252 0.7706
Z -0.7187 0.3699 -0.5888

PART 66
OFFSET 10.7487 -16.6299 43.5920
SCALE 1 1 1
X -0.6862 -0.5139 0.5148
Y -0.1122 0.7740 0.6231
Z -0.7187 0.3699 -0.5888

PART 67
OFFSET 11.5684 -16.0161 42.9771
SCALE 1 1 1
X -0.6769 -0.1783 0.7142
Y 0.1592 0.9118 0.3785
Z -0.7187 0.3699 -0.5888

PART 68
OFFSET 10.4889 -28.5209 38.9369
SCALE 1 1 1
X 1.0000 -0.0006 0.0003
Y 0.0006 0.9989 -0.0476
Z -0.0003 0.0476 0.9989

PART 69
OFFSET 5.6739 -17.7544 45.4440
SCALE 1 1 1
X -0.8460 0.2947 0.4443
Y 0.5176 0.6540 0.5517
Z -0.1280 0.6967 -0.7058

PART 70
OFFSET -3.0074 -8.0011 56.5707
SCALE 1 1 1
X -0.2606 0.6631 0.7017
Y 0.9569 0.2737 0.0967
Z -0.1280 0.6967 -0.7058

PART 71
OFFSET -2.2104 -9.7872 57.3254
SCALE 1 1 1
X 0.0913 -0.4932 0.8651
Y 0.9936 -0.0127 -0.1121
Z 0.0663 0.8698 0.4889

PART 72
OFFSET -2.7283 0.0012 60.5421
SCALE 1 1 1
X 0.3097 0.0000 0.9508
Y 0.9508 -0.0001 -0.3097
Z 0.0001 1.0000 -0.0001

PART 73
OFFSET -2.7283 0.0012 60.5421
SCALE 1 1 1
X 0.3097 0.0000 0.9508
Y 0.9508 -0.0001 -0.3097
Z 0.0001 1.0000 -0.0001

PART 74
OFFSET -1.9178 0.0014 63.5211
SCALE 1 1 1
X 0.2163 0.0001 0.9763
Y 0.9763 -0.0001 -0.2163
Z 0.0001 1.0000 -0.0001

PART 75
OFFSET -1.9178 0.0014 63.5211
SCALE 1 1 1
X 0.2163 0.0001 0.9763
Y 0.9763 -0.0001 -0.2163
Z 0.0001 1.0000 -0.0001

PART 76
OFFSET 3.1443 1.3794 66.8618
SCALE 1 1 1
X -0.0001 1.0000 -0.0000
Y -1.0000 -0.0001 0.0001
Z 0.0001 0.0000 1.0000

PART 77
OFFSET 3.1441 -1.3769 66.8621
SCALE 1 1 1
X 0.0001 1.0000 -0.0001
Y 1.0000 -0.0001 0.0001
Z 0.0001 -0.0001 -1.0000

PART 78
OFFSET 2.5739 1.5008 65.1598
SCALE 1 1 1
X -0.0001 1.0000 -0.0000
Y -1.0000 -0.0001 0.0001
Z 0.0001 0.0000 1.0000

PART 79
OFFSET 2.5737 -1.4985 65.1599
SCALE 1 1 1
X 0.0001 1.0000 -0.0001
Y 1.0000 -0.0001 0.0001
Z 0.0001 -0.0001 -1.0000

PART 80
OFFSET 1.7279 1.3249 66.2241
SCALE 1 1 1
X -0.0649 0.9970 0.0421
Y -0.9979 -0.0651 0.0030
Z 0.0057 -0.0418 0.9991

PART 81
OFFSET 1.7277 -1.3223 66.2244
SCALE 1 1 1
X 0.0648 0.9970 -0.0422
Y 0.9979 -0.0649 -0.0027
Z -0.0054 -0.0419 -0.9991

PART 82
OFFSET 1.7323 1.3238 66.3071
SCALE 1 1 1
X -0.0651 0.9970 0.0410
Y -0.9979 -0.0653 0.0033
Z 0.0060 -0.0407 0.9992

PART 83
OFFSET 1.7321 -1.3211 66.3075
SCALE 1 1 1
X 0.0648 0.9971 -0.0411
Y 0.9979 -0.0649 -0.0028
Z -0.0054 -0.0409 -0.9991

PART 84
OFFSET 1.7157 1.2574 66.2412
SCALE 1 1 1
X -0.2117 0.9773 0.0012
Y -0.9773 -0.2117 0.0044
Z 0.0045 -0.0002 1.0000

PART 85
OFFSET 1.7155 -1.2548 66.2408
SCALE 1 1 1
X 0.2071 0.9783 -0.0003
Y 0.9783 -0.2071 0.0004
Z 0.0004 -0.0004 -1.0000

PART 86
OFFSET -0.8257 0.0012 69.8081
SCALE 1 1 1
X 0.2163 0.0001 0.9763
Y 0.9763 -0.0001 -0.2163
Z 0.0001 1.0000 -0.0001

PART 87
OFFSET -1.8633 0.0014 71.2433
SCALE 1 1 1
X 0.9990 -0.0000 0.0437
Y 0.0000 1.0000 -0.0000
Z -0.0437 0.0000 0.9990

PART 88
OFFSET -0.7879 0.0013 63.8123
SCALE 1 1 1
X -0.0001 1.0000 -0.0000
Y -1.0000 -0.0001 0.0001
Z 0.0001 0.0000 1.0000

PART 89
OFFSET 3.1659 0.5238 65.0321
SCALE 1 1 1
X -0.0001 1.0000 -0.0000
Y -1.0000 -0.0001 0.0001
Z 0.0001 0.0000 1.0000

PART 90
OFFSET 3.1659 -0.4428 65.0323
SCALE 1 1 1
X 0.0001 1.0000 -0.0001
Y 1.0000 -0.0001 0.0001
Z 0.0001 -0.0001 -1.0000

PART 91
OFFSET 2.1091 0.0013 66.3231
SCALE 1 1 1
X 0.9396 -0.0000 0.3421
Y 0.0000 1.0000 -0.0000
Z -0.3421 0.0000 0.9396

PART 92
OFFSET -3.1445 4.0264 58.8587
SCALE 1 1 1
X -0.0194 -0.9972 -0.0723
Y 0.9997 -0.0181 -0.0188
Z 0.0174 -0.0727 0.9972

PART 93
OFFSET -3.1450 -4.0241 58.8595
SCALE 1 1 1
X 0.0182 -0.9972 0.0725
Y -0.9997 -0.0168 0.0198
Z -0.0186 -0.0728 -0.9972

PART 94
OFFSET 16.2011 -28.5222 31.3776
SCALE 1 1 1
X 1.0000 -0.0000 0.0001
Y 0.0000 1.0000 -0.0000
Z -0.0001 0.0000 1.0000

PART 95
OFFSET 10.4890 -28.5214 38.9378
SCALE 1 1 1
X 0.0001 1.0000 -0.0001
Y 0.7643 -0.0001 -0.6448
Z -0.6448 -0.0001 -0.7643

PART 96
OFFSET -11.0631 -3.7741 50.0309
SCALE 1 1 1
X -0.1035 0.0833 -0.9911
Y -0.9804 -0.1767 0.0875
Z -0.1679 0.9807 0.1000

PART 97
OFFSET 10.4890 -28.5214 38.9378
SCALE 1 1 1
X 1.0000 -0.0000 0.0001
Y 0.0000 1.0000 -0.0000
